       0/9     1.15G    0.1138   0.04053         0    0.1544        34       448         0         0         0         0         0         0         0
       1/9     1.17G    0.1141   0.03808         0    0.1522        41       448         0         0         0         0         0         0         0
       2/9     1.17G    0.1118   0.04997         0    0.1617        51       448         0         0         0         0         0         0         0
       3/9     1.18G    0.1108   0.04164         0    0.1524        27       448         0         0         0         0    0.1078    0.0676         0
       4/9     1.16G    0.1168   0.03011         0    0.1469        19       448         0         0         0         0    0.1075   0.06794         0
       5/9     1.16G    0.1163   0.04025         0    0.1566        47       448         0         0         0         0    0.1071   0.06834         0
       6/9     1.16G    0.1099    0.0618         0    0.1717        50       448         0         0         0         0    0.1068   0.06876         0
       7/9     1.16G     0.113    0.0412         0    0.1542        58       448         0         0         0         0    0.1064   0.06916         0
       8/9     1.16G    0.1115   0.07384         0    0.1854        61       448         0         0         0         0     0.106   0.06959         0
       9/9     1.16G    0.1103   0.04736         0    0.1577        45       448         0         0         0         0    0.1056   0.07006         0
