       0/2     1.15G    0.1162     0.056         0    0.1722        49       448         0         0         0         0         0         0         0
       1/2     1.16G    0.1073   0.04719         0    0.1545        33       448         0         0         0         0         0         0         0
       2/2     1.17G    0.1117    0.0512         0    0.1629        61       448         0         0         0         0         0         0         0
       0/2     1.15G    0.1162     0.056         0    0.1722        49       448         0         0         0         0         0         0         0
       1/2     1.16G    0.1073   0.04719         0    0.1545        33       448         0         0         0         0         0         0         0
       2/2     1.17G    0.1117    0.0512         0    0.1629        61       448         0         0         0         0         0         0         0
       0/2     1.15G    0.1162   0.05601         0    0.1722        49       448         0         0         0         0         0         0         0
       1/2     1.16G    0.1073   0.04719         0    0.1545        33       448         0         0         0         0         0         0         0
       2/2     1.17G    0.1117   0.05121         0    0.1629        61       448         0         0         0         0         0         0         0
       0/2     1.15G    0.1162   0.05601         0    0.1722        49       448         0         0         0         0         0         0         0
       1/2     1.16G    0.1073    0.0472         0    0.1545        33       448         0         0         0         0         0         0         0
       2/2     1.17G    0.1117   0.05121         0    0.1629        61       448         0         0         0         0         0         0         0
       0/2     1.15G    0.1161   0.05601         0    0.1722        49       448         0         0         0         0         0         0         0
       1/2     1.16G    0.1073    0.0472         0    0.1545        33       448         0         0         0         0         0         0         0
       2/2     1.17G    0.1117   0.05121         0    0.1629        61       448         0         0         0         0         0         0         0
       0/2     1.15G    0.1162     0.056         0    0.1722        49       448         0         0         0         0         0         0         0
       1/2     1.16G    0.1073   0.04719         0    0.1545        33       448         0         0         0         0         0         0         0
       2/2     1.17G    0.1117    0.0512         0    0.1629        61       448         0         0         0         0         0         0         0
       0/2     1.15G    0.1162     0.056         0    0.1722        49       448         0         0         0         0         0         0         0
       1/2     1.16G    0.1073   0.04719         0    0.1545        33       448         0         0         0         0         0         0         0
       2/2     1.17G    0.1117    0.0512         0    0.1629        61       448         0         0         0         0         0         0         0
       0/2     1.15G    0.1162     0.056         0    0.1722        49       448         0         0         0         0         0         0         0
       1/2     1.16G    0.1073   0.04719         0    0.1545        33       448         0         0         0         0         0         0         0
       2/2     1.17G    0.1117    0.0512         0    0.1629        61       448         0         0         0         0         0         0         0
       0/2     1.15G    0.1162     0.056         0    0.1722        49       448         0         0         0         0         0         0         0
       1/2     1.16G    0.1073   0.04719         0    0.1545        33       448         0         0         0         0         0         0         0
       2/2     1.17G    0.1117    0.0512         0    0.1629        61       448         0         0         0         0         0         0         0
